{
 "width":1920,
 "height":1080,
 "top":225,
 "left":280,
 "bottom":230,
 "right":280,
 "opacity":1.0000000,
 "messagex":0.220000,
 "messagey":0.120000
}