{
   "width":1920,
   "height":1080,
   "top":149,
   "left":485,
   "bottom":76,
   "right":483,
   "opacity":1.0000000,
   "messagex":0.220000,
   "messagey":0.120000
}